0003
0013
0023
0033
0043
0053
0063
0073
0083
0093
0103
0113
0123
0133
0143
0153
0163
0173
0183
0193
0203
0213
0223
0233
0243
0253
0263
0273
0283
0293
0303
0313
0323
0333
0343
0353
0363
0373
0383
0393
0403
0413
0423
0433
0443
0453
0463
0473
0483
0493
0503
0513
0523
0533
0543
0553
0563
0573
0583
0593
0603
0613
0623
0633
0643
0653
0663
0673
0683
0693
0703
0713
0723
0733
0743
0753
0763
0773
0783
0793
0803
0813
0823
0833
0843
0853
0863
0873
0883
0893
0903
0913
0923
0933
0943
0953
0963
0973
0983
0993
1003
1013
1023
1033
1043
1053
1063
1073
1083
1093
1103
1113
1123
1133
1143
1153
1163
1173
1183
1193
1203
1213
1223
1233
1243
1253
1263
1273
1283
1293
1303
1313
1323
1333
1343
1353
1363
1373
1383
1393
1403
1413
1423
1433
1443
1453
1463
1473
1483
1493
1503
1513
1523
1533
1543
1553
1563
1573
1583
1593
1603
1613
1623
1633
1643
1653
1663
1673
1683
1693
1703
1713
1723
1733
1743
1753
1763
1773
1783
1793
1803
1813
1823
1833
1843
1853
1863
1873
1883
1893
1903
1913
1923
1933
1943
1953
1963
1973
1983
1993
2003
2013
2023
2033
2043
2053
2063
2073
2083
2093
2103
2113
2123
2133
2143
2153
2163
2173
2183
2193
2203
2213
2223
2233
2243
2253
2263
2273
2283
2293
2303
2313
2323
2333
2343
2353
2363
2373
2383
2393
2403
2413
2423
2433
2443
2453
2463
2473
2483
2493
2503
2513
2523
2533
2543
2553
2563
2573
2583
2593
2603
2613
2623
2633
2643
2653
2663
2673
2683
2693
2703
2713
2723
2733
2743
2753
2763
2773
2783
2793
2803
2813
2823
2833
2843
2853
2863
2873
2883
2893
2903
2913
2923
2933
2943
2953
2963
2973
2983
2993
3003
3013
3023
3033
3043
3053
3063
3073
3083
3093
3103
3113
3123
3133
3143
3153
3163
3173
3183
3193
3203
3213
3223
3233
3243
3253
3263
3273
3283
3293
3303
3313
3323
3333
3343
3353
3363
3373
3383
3393
3403
3413
3423
3433
3443
3453
3463
3473
3483
3493
3503
3513
3523
3533
3543
3553
3563
3573
3583
3593
3603
3613
3623
3633
3643
3653
3663
3673
3683
3693
3703
3713
3723
3733
3743
3753
3763
3773
3783
3793
3803
3813
3823
3833
3843
3853
3863
3873
3883
3893
3903
3913
3923
3933
3943
3953
3963
3973
3983
3993
4003
4013
4023
4033
4043
4053
4063
4073
4083
4093
4103
4113
4123
4133
4143
4153
4163
4173
4183
4193
4203
4213
4223
4233
4243
4253
4263
4273
4283
4293
4303
4313
4323
4333
4343
4353
4363
4373
4383
4393
4403
4413
4423
4433
4443
4453
4463
4473
4483
4493
4503
4513
4523
4533
4543
4553
4563
4573
4583
4593
4603
4613
4623
4633
4643
4653
4663
4673
4683
4693
4703
4713
4723
4733
4743
4753
4763
4773
4783
4793
4803
4813
4823
4833
4843
4853
4863
4873
4883
4893
4903
4913
4923
4933
4943
4953
4963
4973
4983
4993
5003
5013
5023
5033
5043
5053
5063
5073
5083
5093
5103
5113
5123
5133
5143
5153
5163
5173
5183
5193
5203
5213
5223
5233
5243
5253
5263
5273
5283
5293
5303
5313
5323
5333
5343
5353
5363
5373
5383
5393
5403
5413
5423
5433
5443
5453
5463
5473
5483
5493
5503
5513
5523
5533
5543
5553
5563
5573
5583
5593
5603
5613
5623
5633
5643
5653
5663
5673
5683
5693
5703
5713
5723
5733
5743
5753
5763
5773
5783
5793
5803
5813
5823
5833
5843
5853
5863
5873
5883
5893
5903
5913
5923
5933
5943
5953
5963
5973
5983
5993
6003
6013
6023
6033
6043
6053
6063
6073
6083
6093
6103
6113
6123
6133
6143
6153
6163
6173
6183
6193
6203
6213
6223
6233
6243
6253
6263
6273
6283
6293
6303
6313
6323
6333
6343
6353
6363
6373
6383
6393
6403
6413
6423
6433
6443
6453
6463
6473
6483
6493
6503
6513
6523
6533
6543
6553
6563
6573
6583
6593
6603
6613
6623
6633
6643
6653
6663
6673
6683
6693
6703
6713
6723
6733
6743
6753
6763
6773
6783
6793
6803
6813
6823
6833
6843
6853
6863
6873
6883
6893
6903
6913
6923
6933
6943
6953
6963
6973
6983
6993
7003
7013
7023
7033
7043
7053
7063
7073
7083
7093
7103
7113
7123
7133
7143
7153
7163
7173
7183
7193
7203
7213
7223
7233
7243
7253
7263
7273
7283
7293
7303
7313
7323
7333
7343
7353
7363
7373
7383
7393
7403
7413
7423
7433
7443
7453
7463
7473
7483
7493
7503
7513
7523
7533
7543
7553
7563
7573
7583
7593
7603
7613
7623
7633
7643
7653
7663
7673
7683
7693
7703
7713
7723
7733
7743
7753
7763
7773
7783
7793
7803
7813
7823
7833
7843
7853
7863
7873
7883
7893
7903
7913
7923
7933
7943
7953
7963
7973
7983
7993
8003
8013
8023
8033
8043
8053
8063
8073
8083
8093
8103
8113
8123
8133
8143
8153
8163
8173
8183
8193
8203
8213
8223
8233
8243
8253
8263
8273
8283
8293
8303
8313
8323
8333
8343
8353
8363
8373
8383
8393
8403
8413
8423
8433
8443
8453
8463
8473
8483
8493
8503
8513
8523
8533
8543
8553
8563
8573
8583
8593
8603
8613
8623
8633
8643
8653
8663
8673
8683
8693
8703
8713
8723
8733
8743
8753
8763
8773
8783
8793
8803
8813
8823
8833
8843
8853
8863
8873
8883
8893
8903
8913
8923
8933
8943
8953
8963
8973
8983
8993
9003
9013
9023
9033
9043
9053
9063
9073
9083
9093
9103
9113
9123
9133
9143
9153
9163
9173
9183
9193
9203
9213
9223
9233
9243
9253
9263
9273
9283
9293
9303
9313
9323
9333
9343
9353
9363
9373
9383
9393
9403
9413
9423
9433
9443
9453
9463
9473
9483
9493
9503
9513
9523
9533
9543
9553
9563
9573
9583
9593
9603
9613
9623
9633
9643
9653
9663
9673
9683
9693
9703
9713
9723
9733
9743
9753
9763
9773
9783
9793
9803
9813
9823
9833
9843
9853
9863
9873
9883
9893
9903
9913
9923
9933
9943
9953
9963
9973
9983
9993
